lon lat alt kmEast kmNorth ozone no2 pm25
-73.585128 41.004657 -9.10860449075699e-05 114.353096111173 4549.4101555248 50.31 NA NA
-73.443056 41.399167 0.128890228271484 128.548452107109 4592.60439594176 47.622 NA 8.69386
-73.103056 41.1525 0.00116444230079651 155.683447458136 4563.80669798132 49.994 NA NA
-73.336667 41.118333 0.00170480418205261 135.885293526646 4560.96439081039 48.83 NA 8.057759
-72.631667 41.784722 0.0142413530349731 198.199425465307 4632.25245830937 46.219 20.662824 7.175
-73.297257 41.821342 0.401593536376953 143.080160264285 4638.87431105873 47.549 6.006051 5.343697
-72.630015 41.552196 0.0508694267272949 197.247654145988 4606.42497949756 47.497 NA NA
-72.902871 41.3014 0.00165689718723297 173.229442563154 4579.56796675536 45.5 28.138827 8.267399
-72.55327 41.256788 0.000755613207817078 202.302192090312 4573.3550698151 48.71 NA NA
-72.07882 41.35362 0.0259318809509277 242.439410288523 4582.58793030116 46.394 NA 7.345455
-72.388056 41.976389 0.281372772216797 219.288068030581 4652.70915439254 43.706 NA NA
-72.010368 41.84046 0.205394973754883 250.053854336082 4636.44510420414 43.582 NA NA
-75.5568 38.986672 0.0166574840545654 -68.1306996316574 4335.79931218572 44.467 NA 8.05042
-75.732 39.5513 0.0214026069641113 -78.6374905355326 4399.65902746621 43.184 NA 8.268468
-75.563889 39.817222 0.0745355758666992 -62.0045759942078 4428.13448260682 47.314 NA NA
-75.496389 39.773889 0.0540405731201172 -56.5716669751266 4422.89557580067 44.267 NA NA
-75.558056 39.739444 0.0116763229370117 -62.1404784174397 4419.45517614986 46.798 24.845714 9.4386735
-75.6106 38.6539 0.00877121543884277 -75.4832608508579 4299.15862324043 44.337 NA 8.27395
-75.16323 38.7791 0.00105994844436646 -35.5639553079843 4310.34357254362 45.854 NA NA
-77.013178 38.921847 0.0432274856567383 -195.115016042552 4338.75378048288 44.483 26.421159 9.2002215
-77.016715 38.970092 0.0807117309570313 -194.947302445612 4344.14562921577 45.684 23.296944 NA
-70.124608 43.974622 0.0476642112731934 409.796913083915 4869.66887879878 36.377 NA NA
-68.033006 46.696431 0.144771057128906 573.931424224085 5171.88452315135 32.632 5.274627 NA
-68.4135 46.6041 0.223240859985352 544.917245917763 5161.33775711544 33.247 NA NA
-70.207324 43.561043 0.0206050281524658 402.492716371189 4823.82874566715 38.611 NA NA
-68.22698 44.351697 0.446609924316406 561.608966929856 4911.22680200463 42.7 NA NA
-68.2609 44.37705 0.143231262207031 558.880169319581 4914.01795054752 39.895 NA 4.214085
-69.785 44.230622 0.0557610816955566 437.3075645369 4897.78762246258 38.131 NA NA
-69.26059 43.917955 -1.09480468381662e-07 479.07865688904 4862.79334969132 38.959 NA NA
-70.860605 44.250922 0.223743591308594 351.457041660081 4901.42611723205 33.628 NA NA
-68.647677 44.952043 0.0363590545654297 527.791596790331 4977.68337850428 24.213 NA NA
-68.670752 44.735978 0.23433837890625 526.068678865259 4953.67430232354 37.82 NA NA
-69.82778 44.005 0.00204927849769592 433.638964121035 4872.76122386402 35.947 NA NA
-67.59587 44.531907 0.000517518281936645 611.564481457912 4931.91215099516 37.022 NA NA
-67.060728 44.963633 0.00943364143371582 652.94103583257 4980.73987553073 36.12 NA NA
-70.629138 43.656764 0.0904396133422852 368.633825131577 4835.04099011285 36.196 NA NA
-70.87734 43.58889 0.173290786743164 348.449168795358 4827.92558938629 38.383 NA NA
-70.471034 43.343167 0.00231498003005981 380.767091135576 4799.97473779758 40.19 NA NA
-76.653056 38.9025 0.033729434967041 -164.017611087817 4333.89923246342 46.071 NA NA
-76.631673 39.462029 0.11426774597168 -156.893981017522 4395.94664265336 49.95 NA 8.4179215
-76.474444 39.310833 0.0109239292144775 -144.745074721511 4377.99770394513 45.304 23.967593 10.065079
-76.617194 38.536722 0.0301848945617676 -164.304170202617 4292.9704617029 46.493 NA NA
-77.042252 39.444294 0.233222747802734 -192.454428474207 4397.070197242 45.75 NA NA
-75.860051 39.701444 0.103635047912598 -88.373375354126 4417.18066502391 47.188 NA NA
-76.811864 38.508547 0.040247859954834 -181.572320313985 4291.27246062022 46.738 NA NA
-76.141006 38.587525 0.00289178442955017 -122.284860230687 4295.26254585072 41.642 NA NA
-76.111274 38.444971 0.000537342309951782 -120.922075824323 4279.21493400761 45.944 NA NA
-77.37519 39.42276 0.0777386322021484 -221.383038469182 4397.30643364025 46.242 NA NA
-79.012 39.70595 0.746833923339844 -359.072083452521 4443.34218110302 44.638 4.381977 NA
-76.296946 39.410191 0.0091279764175415 -128.520828043287 4387.78292897257 45.38 NA NA
-76.203889 39.563333 0.121859649658203 -119.129040042493 4404.15617264929 46.044 NA NA
-75.797317 39.305021 0.0174509544372559 -86.3285833612829 4372.7145214882 47.036 NA NA
-77.106876 39.114313 0.115402099609375 -201.334823596779 4360.88015647431 46.307 NA NA
-76.878333 39.055277 0.0580761108398438 -182.110508989918 4352.56245469547 46.552 17.761864 8.4291665
-76.74417 38.81194 0.00976679515838623 -172.792217766415 4324.50251247615 46.351 NA 7.701936
-76.8171 39.0284 0.050250545501709 -177.060614785267 4349.11315243734 46.458 NA NA
-77.720244 39.564178 0.148213958740234 -249.612041112111 4415.87638586951 45.341 NA NA
-76.553075 39.328807 0.0368972549438477 -151.367533034051 4380.56322904507 47.42 NA NA
-70.023598 41.975804 0.0191990737915039 415.195457479222 4647.59644906375 43.019 NA NA
-71.169235 41.685707 0.0549755439758301 319.46275143822 4617.15502221662 42.322 NA 5.736441
-70.897504 41.645381 0.00827285194396973 341.98032573266 4612.14363642943 40.791 NA NA
-70.785225 41.330469 0.00147701394557953 350.609114467757 4576.98057212896 39.291 NA NA
-70.970816 42.474642 0.0477012901306152 337.997384328882 4704.35919396066 41.854 15.818182 5.144348
-70.817783 42.814412 0.000811468601226807 351.388413993267 4741.80836302894 41.023 9.220339 NA
-71.10229 42.770837 0.0496599540710449 328.007310336831 4737.51035739035 39.365 NA 5.564545
-72.596689 42.605816 0.0816540451049805 204.956330618981 4723.31609898466 38.872 NA 6.832759
-72.555112 42.19438 0.0745590744018555 206.453128044302 4677.47926472998 43.492 15.852778 6.1458975
-72.334079 42.298493 0.293563201904297 225.158854588437 4688.30328106881 42.784 6.042614 NA
-71.362068 42.62668 0.0418061828613281 306.305623366308 4722.06427417182 41.045 NA NA
-71.11397 42.211774 0.12692569732666 325.503805347013 4675.45301716919 43.639 10.914601 NA
-71.012129 42.065106 0.025364408493042 333.526670898592 4658.96375834882 42.429 NA 5.657822
-71.0826 42.3295 0.00759346199035645 328.413083959288 4688.46171022218 35.062 26.926471 6.102521
-71.875511 42.274319 0.289693939208984 262.87294682076 4684.23874867275 41.383 NA NA
-71.619399 42.099699 0.0766929931640625 283.39880113152 4664.1664030212 39 NA NA
-71.496361 43.566111 0.202102401733398 298.400418163174 4826.7113723884 37.169 NA 5.10678
-72.272389 42.930472 0.148273101806641 232.961729305306 4758.29083974995 37.961 NA 8.606667
-71.30375 44.270167 1.72561181640625 316.137734508788 4904.46133813931 50.232 NA NA
-71.217694 44.308167 0.486155212402344 323.120094354898 4908.49294365634 35.648 NA NA
-72.309583 43.629611 0.164055755615234 233.004714858605 4836.0596468043 35.901 NA 6.6
-71.700788 43.944519 0.287392761230469 283.261973855294 4869.25699977885 33.844 NA NA
-71.522427 42.718664 0.0742832183837891 293.460180784797 4732.6590139759 40.359 NA NA
-71.878389 42.86175 0.535066833496094 264.854411397186 4749.48214085732 43.434 NA 4.356863
-71.5145 43.2185 0.0953729476928711 295.770799734241 4788.14914326911 39.601 NA NA
-70.748017 43.075371 0.00210056662559509 357.694768354389 4770.66746106933 39.945 NA 6.610169
-70.713806 43.045278 -0.000185245543718338 360.411656016725 4767.26806376055 41.911 NA NA
-71.380172 42.862536 0.108869232177734 305.559918689681 4748.29795370716 41.852 7.297507 5.70601966666667
-74.448736 39.464872 0.00756760597229004 31.1507536492422 4382.55942071529 44.353 NA 7.0175
-73.991994 40.870436 0.00445215463638306 79.26752191111 4536.38407731458 42.995 NA NA
-75.125291 39.934446 0.00263507127761841 -23.5288868843282 4438.48243211815 46.3415 26.709497 10.257522
-74.861491 39.68425 0.0320220642089844 -2.7946799357016 4409.16733442595 47.0045 NA NA
-75.025204 39.422273 0.0190364532470703 -18.8035611768701 4380.99648895261 43.109 NA NA
-74.192892 40.720989 0.0253014602661133 61.3433358695669 4520.77238141305 39.635 31.173554 8.912931
-75.212119 39.800339 0.00744527292251587 -31.9947801853931 4424.09786909731 46.301 NA NA
-74.126081 40.67025 0.00159134292602539 66.6596411411309 4514.80419902696 43.4915 31.560907 NA
-74.806671 40.515262 0.0440942039489746 7.95783220133372 4501.17680756132 43.393 NA NA
-74.742644 40.283092 0.0356692581176758 11.705128009781 4475.0290705515 45.1755 NA NA
-74.8729 40.3125 0.0432296943664551 0.840584016822686 4479.02485173748 46.863 NA NA
-74.429439 40.462182 0.0114131965637207 39.5750257306608 4493.23697207531 45.634 21.736301 NA
-74.0051 40.277647 0.0084938440322876 74.4120447378269 4470.60820750745 44.52 NA NA
-74.676301 40.787628 0.259247344970703 20.9698917015499 4530.71065472768 42.8345 8.831461 7.395413
-74.44405 40.06483 0.0427952308654785 35.6167281431117 4449.17649980606 46.906 NA NA
-74.255544 41.058617 0.258644104003906 58.3069297868669 4558.58999398349 43.095 NA NA
-75.067815 40.92458 0.145920928955078 -11.0298678523147 4548.14658144663 37.2045 26.813031 9.096491
-71.72 41.615237 0.0626490135192871 273.373979177047 4610.63182752127 45.034 3.018595 6.069091
-71.36097 41.841039 0.0186385192871094 303.9779940461 4634.8221096446 44.821 16.966761 6.762139
-71.423705 41.49511 0.0225577411651611 297.688173751384 4596.55736015366 45.989 NA NA
-73.24984 42.88759 0.246548080444336 152.947942574718 4757.09993274521 41.904 NA 7.4075
-72.86884 44.52839 0.392869567871094 192.581119660396 4937.8467513872 40.04 NA 5.541333
-72.679923 41.771444 0.0170307426452637 194.12542900838 4630.94868603388 NA 28.380571 9.808696
-76.953426 38.89477 0.0141641902923584 -190.18898795534 4335.28566227381 NA 29.775355 11.119178
-76.84611 39.14313 0.0881513214111328 -178.468120095387 4362.0872813409 NA 30.99422 NA
-76.604603 39.297733 0.0133054571151733 -156.108519207176 4377.4839306143 NA 28.990606 9.642241
-72.590803 42.108992 0.0256781558990479 203.106378472507 4668.12022207609 NA 25.076487 7.555932
-71.097163 42.348873 0.00184630572795868 327.266233986118 4690.64242147516 NA 29.097421 6.50087
-71.056061 42.325186 0.00423468446731567 330.588160511171 4687.92947076735 NA 27.746398 6.687395
-71.794322 42.263955 0.147413223266602 269.530877801798 4682.86482034374 NA 25.397759 6.150847
-73.966212 40.853579 0.0771164245605469 81.3348116974885 4534.38789806582 NA 34.8314915 NA
-74.2005 40.757501 0.0456461868286133 60.9413003974176 4524.8660045065 NA 28.653846 NA
-74.208365 40.64144 0.00396798038482666 59.5107399995271 4512.01432533639 NA 37.380822 10.5365905
-71.405278 41.825556 0.0257721633911133 300.250872750667 4633.20506422843 NA 21.102874 NA
-71.417457 41.829495 0.0166882038116455 299.251700372295 4633.67084250712 NA 35.456657 NA
-73.2106 44.4762 0.0660490875244141 165.124838172113 4933.39432118934 NA 14.033705 7.41831
-72.982778 43.608056 0.16899040222168 178.576912973451 4836.05358977644 NA 17.341551 9.65191
-73.194722 41.170833 0.005570716381073 148.087554288392 4566.20991295154 NA NA 9.646392
-73.043611 41.550556 0.0787701416015625 162.737599393991 4607.77765804499 NA NA 8.517317
-75.518056 39.155 0.00840076637268066 -63.4236016271258 4354.26163932745 NA NA 8.025455
-75.491944 39.761111 0.0176542053222656 -56.2939048275157 4421.44799345612 NA NA 8.948246
-75.761299 39.691962 0.0554455299377441 -79.9761666895691 4415.48022108388 NA NA 9.572807
-77.034059 38.876255 0.00192409205436706 -197.378208969655 4333.84467327324 NA NA 9.315
-70.214219 44.089406 0.0492028198242188 402.797131195633 4882.51973180177 NA NA 6.132727
-68.321106 47.355332 0.183469024658203 551.270029646837 5244.87552962225 NA NA 5.864706
-68.038403 46.698422 0.15191667175293 573.516096997098 5172.10070798721 NA NA 4.189474
-68.016195 46.682299 0.13873225402832 575.236322183534 5170.33010879108 NA NA 5.902222
-70.256178 43.677994 0.00237346911430359 398.743567476165 4836.87598658037 NA NA 7.737037
-70.268965 43.660246 0.00310038590431213 397.682691735442 4834.92053495416 NA NA 9.753861
-69.786717 44.312319 0.0614535942077637 437.257421971715 4906.86329646333 NA NA 6.2389205
-70.546319 44.551419 0.155827178955078 377.178951628059 4934.28357126265 NA NA 6.808824
-68.769675 44.79886 0.00677111673355103 518.216534379723 4960.63249032912 NA NA 6.32
-76.627933 39.169533 0.0157909688949585 -159.330986898482 4363.40247788301 NA NA 9.647458
-76.68538 39.34465 0.131923553466797 -162.639887001664 4383.29301187733 NA NA 9.295798
-76.546861 39.28777 0.0294095649719238 -151.213930755169 4375.95624632851 NA NA 9.8784
-73.254108 42.448009 0.311948028564453 150.137974761003 4708.29466018241 NA NA 7.099153
-71.164413 42.698215 0.0150263805389404 322.717874609096 4729.57428960005 NA NA 5.708621
-71.0543 42.3631 0.00141431224346161 330.834986469169 4692.13602113995 NA NA 7.297394
-71.798375 42.260102 0.151915740966797 269.1825050948 4682.44793920411 NA NA 6.33913
-74.431 39.36326 0.00270011448860169 31.9964447479611 4371.18034905615 NA NA 7.785294
-73.973314 40.852256 0.0892297515869141 80.7275125208024 4534.27502472667 NA NA 9.953846
-75.050008 39.989036 0.00318433547019958 -16.677366490075 4444.10645169365 NA NA 8.986207
-75.284723 39.830806 0.0024345531463623 -37.9781954349028 4427.9190555193 NA NA 8.574074
-74.05229 40.725454 0.00672842168807983 73.2535929588812 4520.57342337374 NA NA 9.6528735
-74.031718 40.772793 0.0483594284057617 75.2940780731254 4525.73121586154 NA NA 11.390435
-74.763167 40.222411 0.0173186225891113 9.519485275888 4468.40188988687 NA NA 8.188439
-74.87266 40.31239 0.0435203323364258 0.860180910841213 4479.01127346488 NA NA 7.80339
-74.422403 40.472825 0.0213346462249756 40.2448029061388 4494.38237572575 NA NA 7.980172
-74.170447 39.994908 0.0139126586914062 58.5145087531506 4440.0141642127 NA NA 7.466954
-74.168092 40.918381 0.0172632713317871 64.7353692370094 4542.57311717132 NA NA 9.02807
-74.276174 40.603943 0.00561588287353516 53.5230360959773 4508.19224661143 NA NA 8.884483
-71.415105 41.807776 0.020509765625 299.379206158466 4631.25374540765 NA NA 6.9685805
-71.379971 41.874668 0.0232672615051269 302.503875317528 4638.59973034753 NA NA 7.770093
-73.214444 44.480278 0.0654201431274414 164.84249712954 4933.86309345253 NA NA 7.1501055
