cluster time    nu  Sex Age
1       8       1   1   28
2       15      1   2   48
3       447     1   2   32
4       13      1   2   31
5       7       1   1   10
6       113     0   2   16
7       15      1   1   51
8       2       1   1   55
9       96      1   2   69
10      5       0   2   51
11      17      1   1   44
12      119     1   2   34
13      6       0   2   35
14      33      1   2   42
15      30      1   1   17
16      511     1   2   60
17      7       1   2   60
18      149     0   2   43
19      185     1   2   53
20      22      0   2   44
21      22      1   1   46
22      402     1   2   30
23      24      1   1   62
24      12      1   1   42
25      53      1   2   43
26      34      1   2   57
27      141     1   2   10
28      27      1   2   52
29      536     1   2   53
30      190     1   2   54
31      292     1   2   56
32      63      1   1   50
33      152     1   1   57
34      39      1   2   44
35      132     1   2   22
36      130     1   2   42
37      152     1   2   52
38      54      0   2   60
1       16      1   1   28
2       108     0   2   48
3       318     1   2   32
4       66      1   2   32
5       9       1   1   10
6       201     1   2   17
7       154     1   1   51
8       25      1   1   56
9       38      1   2   69
10      43      1   2   52
11      4       0   1   44
12      8       1   2   34
13      78      1   2   35
14      13      0   2   42
15      12      1   1   17
16      30      1   2   60
17      333     1   2   60
18      70      0   2   44
19      117     1   2   53
20      159     0   2   44
21      28      1   1   47
22      24      0   2   30
23      245     1   1   63
24      40      1   1   43
25      196     1   2   43
26      30      1   2   58
27      8       0   2   10
28      58      1   2   52
29      25      0   2   53
30      5       0   2   54
31      114     1   2   56
32      8       0   1   51
33      562     1   1   57
34      46      0   2   45
35      156     1   2   22
36      26      1   2   42
37      30      1   2   52
38      16      0   2   60
